
[LuminescenceAI]
MGI RWA Section Options=2.0.1 %04Y%02m%02d %02H%02M%S%25u*~|.%d*~|.,*~|.%#_13g
File=C:\Projekte\LuminescenceAI\RealProbe5mm\Temp_25deg_Conc_100perc.txt
Date, Time=29.04.2019, 08:45
Temperature (°C)=25
Concentration O2Air (%)=100
Iterations=1
Frequency (Hz)=<50>200,300,400,500,600,700,800,900,1000,1250,1500,1750,2000,2250,2500,2750,3000,3250,3500,3750,4000,4250,4500,4750,5000,5250,5500,5750,6000,6250,6500,6750,7000,7250,7500,7750,8000,8250,8500,8750,9000,9250,9500,9750,10000,11000,12000,13000,14000,15000
Phi Comp (°)=<50>-1.56,-2.352,-3.132,-3.912,-4.692,-5.442,-6.204,-6.96,-7.704,-9.528,-11.292,-12.99,-14.634,-16.2,-17.7,-19.17,-20.55,-21.888,-23.16,-24.396,-25.572,-26.718,-27.804,-28.866,-29.88,-30.87,-31.818,-32.736,-33.624,-34.482,-35.322,-36.114,-36.9,-37.662,-38.394,-39.12,-39.804,-40.482,-41.136,-41.79,-42.408,-43.008,-43.608,-44.184,-44.748,-46.866,-48.804,-50.568,-52.188,-53.688
R (V)=<50>0.175416,0.175294,0.17505,0.174806,0.1745,0.174134,0.173707,0.17328,0.172791,0.171388,0.169801,0.168092,0.166139,0.164124,0.161988,0.159791,0.157594,0.155335,0.153077,0.150819,0.148622,0.146363,0.144166,0.141969,0.139832,0.137696,0.135621,0.133546,0.131471,0.129518,0.127564,0.125611,0.12378,0.121949,0.120057,0.118348,0.116578,0.114808,0.11316,0.111512,0.109925,0.108338,0.106751,0.105225,0.10376,0.098084,0.0927739,0.0878301,0.0832524,0.07898
