
[LuminescenceAI]
MGI RWA Section Options=2.0.1 %04Y%02m%02d %02H%02M%S%25u*~|.%d*~|.,*~|.%#_13g
File=C:\Projekte\LuminescenceAI\RealProbe5mm\Data\Temp_25deg_Conc_100perc.txt
Date, Time=26.04.2019, 12:52
Temperature (°C)=25
Concentration O2Air (%)=100
Iterations=1
Frequency (Hz)=<50>200,300,400,500,600,700,800,900,1000,1250,1500,1750,2000,2250,2500,2750,3000,3250,3500,3750,4000,4250,4500,4750,5000,5250,5500,5750,6000,6250,6500,6750,7000,7250,7500,7750,8000,8250,8500,8750,9000,9250,9500,9750,10000,11000,12000,13000,14000,15000
Phi Comp (°)=<50>-0.354,-0.57,-0.786,-0.99,-1.194,-1.404,-1.602,-1.8,-1.998,-2.502,-3,-3.51,-4.002,-4.506,-5.016,-5.508,-6.012,-6.516,-7.014,-7.512,-8.004,-8.502,-9,-9.492,-9.984,-10.482,-10.974,-11.466,-11.952,-12.444,-12.93,-13.416,-13.902,-14.388,-14.874,-15.36,-15.84,-16.32,-16.8,-17.274,-17.754,-18.234,-18.702,-19.176,-19.644,-21.522,-23.37,-25.2,-26.994,-28.776
R (V)=<50>0.298922,0.298952,0.298983,0.298922,0.298861,0.29883,0.29883,0.29883,0.298769,0.298738,0.298647,0.298555,0.298464,0.298311,0.298128,0.298006,0.297823,0.29764,0.297426,0.297213,0.296968,0.296785,0.296511,0.296236,0.295931,0.295656,0.295321,0.294954,0.29468,0.294313,0.293917,0.29355,0.293184,0.292757,0.29233,0.291933,0.291445,0.291018,0.29059,0.290133,0.289644,0.289125,0.288637,0.288088,0.2876,0.285402,0.283022,0.280519,0.277895,0.275179
